ULLA MFCC VOICING
[[ 0.72485533  0.26081565  0.01432902]
 [ 0.09633777  0.72101703  0.18264521]
 [ 0.02143427  0.07878235  0.89978338]]
 
 [[ 0.89322127  0.10457426  0.00220446]
 [ 0.24772568  0.64660602  0.1056683 ]
 [ 0.03215141  0.15448638  0.81336222]]

PABLO
[[ 0.83968782  0.13037359  0.02993859]
 [ 0.32274129  0.41403842  0.2632203 ]
 [ 0.0233463   0.09074934  0.88590436]] 
 
 [[ 0.84390993  0.10772774  0.04836233]
 [ 0.23594973  0.46739388  0.29665639]
 [ 0.01870215  0.06300992  0.91828794]]
 
EMMA
[[ 0.88707865  0.09363296  0.01928839]
 [ 0.45887017  0.45325405  0.08787578]
 [ 0.05959815  0.09340212  0.84699973]]
 
 [[ 0.88071161  0.10749064  0.01179775]
 [ 0.41493228  0.4304592   0.15460852]
 [ 0.05376052  0.0640782   0.88216128]]

JUAN 
[[ 0.83157716  0.14411965  0.0243032 ]
 [ 0.32569478  0.49658703  0.17771819]
 [ 0.02964682  0.0806909   0.88966228]]
 
CLAIRE
[[ 0.878045    0.1098526   0.0121024 ]
 [ 0.22600096  0.50192957  0.27206946]
 [ 0.01640937  0.05451797  0.92907265]]
 
 -----------------------------------------------------
 
ULLA MFCC
[[ 0.70708184  0.27845136  0.0144668 ]
 [ 0.09353861  0.73198041  0.17448099]
 [ 0.02417056  0.08425493  0.89157451]]
 
 [[ 0.89914577  0.09947644  0.00137779]
 [ 0.2463261   0.65570329  0.09797061]
 [ 0.03808004  0.17307035  0.78884962]]
 
PABLO
[[ 0.84762027  0.11885875  0.03352098]
 [ 0.37965378  0.38012805  0.24021816]
 [ 0.03589808  0.10053973  0.86356219]]
 
 [[ 0.81090072  0.10990276  0.07919652]
 [ 0.24828077  0.44842305  0.30329618]
 [ 0.02435045  0.06326095  0.9123886 ]]

EMMA
[[ 0.89475655  0.08820225  0.0170412 ]
 [ 0.4826561   0.43475388  0.08259002]
 [ 0.08186261  0.09638881  0.82174857]]
 
 [[ 0.87640449  0.11292135  0.01067416]
 [ 0.44763793  0.40469111  0.14767096]
 [ 0.0739886   0.0640782   0.86193321]]
 
JUAN
 [[ 0.84959211  0.13239293  0.01801496]
 [ 0.31789371  0.50853242  0.17357387]
 [ 0.04730601  0.0804331   0.87226089]]
 
 CLAIRE
 [[ 0.88083786  0.11186967  0.00729247]
 [ 0.25180897  0.48408104  0.26410999]
 [ 0.02321062  0.05473389  0.92205549]]
 
 
 rojo azul y verde controlado por alpha (confidencia del clasificador en cada clase predict_proba)
 importante para incorporar información a priori
 
 mfcc es un fierro pero no esta modelando a priori la periodicidad de la señal por eso se usó
 